   0.0000000e+00   7.6216533e-02   1.1725620e-02   7.0353723e-02   2.0617549e-01   6.7422318e-02   2.1496971e-02   1.0748485e-02   9.7713504e-04   1.9542701e-02   2.9314051e-03   9.7713504e-05   1.7490717e-01   1.6611296e-02   6.5468048e-02   1.8565566e-02   7.7193668e-02   2.0519836e-02   2.2474106e-02   6.0582372e-02   1.3679891e-02   3.4199726e-02   6.8399453e-03   9.7713504e-05   9.7713504e-05   9.7713504e-05   9.7713504e-04   0.0000000e+00
   0.0000000e+00   3.4141345e-04   3.4141345e-03   2.3898942e-02   3.4141345e-03   3.4141345e-04   1.0242404e-02   1.3656538e-02   3.4141345e-04   5.8040287e-02   3.4141345e-03   3.4141345e-04   4.0969614e-02   5.8040287e-02   1.7753499e-01   3.4141345e-04   3.0727211e-02   6.8282690e-03   5.4626152e-02   8.1939228e-02   1.1949471e-01   1.3315125e-01   2.0484807e-02   3.4141345e-04   3.4141345e-04   3.4141345e-04   3.4141345e-04   1.5705019e-01
   0.0000000e+00   3.0991736e-02   1.0330579e-03   1.0330579e-03   1.0330579e-03   2.0661157e-02   1.0330579e-03   1.0330579e-03   1.0330579e-03   2.8925620e-01   1.0330579e-02   1.0330579e-03   1.0330579e-01   1.0330579e-03   1.0330579e-03   3.0991736e-02   1.0330579e-03   1.0330579e-03   2.9958678e-01   1.0330579e-02   1.0330579e-03   1.8595041e-01   1.0330579e-03   1.0330579e-03   1.0330579e-03   1.0330579e-03   1.0330579e-03   1.0330579e-03
   0.0000000e+00   4.0241449e-02   4.0241449e-04   8.0482897e-03   8.0482897e-03   3.0181087e-01   4.0241449e-04   4.0241449e-04   6.0362173e-02   2.0925553e-01   4.0241449e-04   4.0241449e-04   1.6096579e-02   4.0241449e-04   4.0241449e-04   2.0120724e-01   4.0241449e-04   4.0241449e-04   3.6217304e-02   4.0241449e-04   4.0241449e-02   4.0241449e-02   4.0241449e-04   4.0241449e-04   4.0241449e-04   4.0241449e-04   4.0241449e-04   3.2193159e-02
   0.0000000e+00   3.6173633e-02   4.0192926e-04   4.0192926e-04   4.0192926e-04   5.4662379e-01   4.0192926e-03   4.0192926e-04   4.0192926e-04   1.2459807e-01   4.0192926e-04   4.0192926e-04   4.0192926e-04   4.0192926e-04   4.0192926e-04   9.6463023e-02   4.0192926e-04   4.0192926e-04   4.0192926e-02   8.0385852e-03   4.0192926e-04   5.6270096e-02   4.0192926e-04   4.0192926e-04   4.0192926e-04   4.0192926e-04   4.0192926e-04   8.0385852e-02
   0.0000000e+00   1.1166946e-03   2.9034059e-02   2.3450586e-02   5.5834729e-03   1.2283640e-02   1.0050251e-02   4.4667783e-03   1.1166946e-04   3.3500838e-03   1.1166946e-04   1.1166946e-04   5.4718035e-02   4.4667783e-02   1.0608599e-01   1.1166946e-03   5.5834729e-03   3.3500838e-03   8.9335567e-02   1.7308766e-01   4.5784478e-02   3.2384143e-02   6.7001675e-03   1.1166946e-04   8.9335567e-03   1.1166946e-04   1.1166946e-03   3.3724176e-01
   0.0000000e+00   8.8495575e-02   1.4749263e-03   1.4749263e-03   1.4749263e-03   1.7699115e-01   8.8495575e-02   1.4749263e-03   1.4749263e-03   2.6548673e-01   1.4749263e-03   1.4749263e-03   1.4749263e-03   1.4749263e-03   1.4749263e-03   2.3598820e-01   1.4749263e-03   1.4749263e-03   2.9498525e-02   4.4247788e-02   1.4749263e-02   2.9498525e-02   1.4749263e-03   1.4749263e-03   1.4749263e-03   1.4749263e-03   1.4749263e-03   1.4749263e-03
   0.0000000e+00   5.1347882e-02   1.2836970e-03   1.2836970e-03   1.2836970e-03   1.1553273e-01   1.2836970e-03   1.2836970e-03   1.2836970e-03   4.6213094e-01   1.2836970e-03   1.2836970e-03   1.2836970e-03   1.2836970e-03   5.1347882e-02   1.2836970e-03   1.2836970e-02   1.2836970e-03   2.0539153e-01   1.2836970e-03   1.2836970e-03   6.4184852e-02   1.2836970e-03   1.2836970e-03   1.2836970e-03   1.2836970e-03   1.2836970e-03   1.2836970e-02
   0.0000000e+00   2.1857923e-01   5.4644809e-03   5.4644809e-03   5.4644809e-03   4.3715847e-01   5.4644809e-03   5.4644809e-03   5.4644809e-03   1.6393443e-01   5.4644809e-03   5.4644809e-03   5.4644809e-03   5.4644809e-03   5.4644809e-03   5.4644809e-03   5.4644809e-03   5.4644809e-03   5.4644809e-03   5.4644809e-03   5.4644809e-03   5.4644809e-03   5.4644809e-03   5.4644809e-03   5.4644809e-03   5.4644809e-03   5.4644809e-03   5.4644809e-02
   0.0000000e+00   6.5735415e-02   9.2440427e-02   1.4585045e-01   4.1084634e-03   1.1298274e-01   2.8759244e-02   1.4379622e-02   2.0542317e-04   2.0542317e-04   2.0542317e-04   2.0542317e-04   5.9572720e-02   1.0271159e-02   8.6277732e-02   8.8331964e-02   8.2169269e-03   1.4379622e-02   3.2867707e-02   1.1092851e-01   7.1898110e-02   2.0542317e-03   1.8488085e-02   2.0542317e-04   2.0542317e-04   2.0542317e-04   2.0542317e-04   3.0813476e-02
   0.0000000e+00   1.0752688e-01   1.0752688e-02   1.0752688e-02   1.0752688e-02   2.1505376e-01   1.0752688e-02   1.0752688e-02   1.0752688e-02   1.0752688e-02   1.0752688e-02   1.0752688e-02   1.0752688e-02   1.0752688e-02   1.0752688e-02   3.2258065e-01   1.0752688e-02   1.0752688e-02   1.0752688e-02   1.0752688e-02   1.0752688e-02   1.0752688e-01   1.0752688e-02   1.0752688e-02   1.0752688e-02   1.0752688e-02   1.0752688e-02   1.0752688e-02
   0.0000000e+00   3.7037037e-02   3.7037037e-02   3.7037037e-02   3.7037037e-02   3.7037037e-02   3.7037037e-02   3.7037037e-02   3.7037037e-02   3.7037037e-02   3.7037037e-02   3.7037037e-02   3.7037037e-02   3.7037037e-02   3.7037037e-02   3.7037037e-02   3.7037037e-02   3.7037037e-02   3.7037037e-02   3.7037037e-02   3.7037037e-02   3.7037037e-02   3.7037037e-02   3.7037037e-02   3.7037037e-02   3.7037037e-02   3.7037037e-02   3.7037037e-02
   0.0000000e+00   9.2415551e-02   3.1867431e-04   3.1867431e-03   3.1867431e-04   2.8680688e-01   3.1867431e-04   3.1867431e-04   3.1867431e-04   2.6131294e-01   3.1867431e-04   3.1867431e-04   3.1867431e-02   3.1867431e-04   3.1867431e-04   1.2428298e-01   3.1867431e-04   3.1867431e-04   3.1867431e-04   7.3295092e-02   3.1867431e-04   9.5602294e-03   3.1867431e-04   3.1867431e-04   3.1867431e-04   3.1867431e-04   3.1867431e-04   1.1153601e-01
   0.0000000e+00   7.2944297e-02   4.6419098e-02   6.6312997e-04   6.6312997e-04   4.7082228e-01   6.6312997e-04   6.6312997e-04   6.6312997e-04   5.3050398e-02   6.6312997e-04   6.6312997e-04   6.6312997e-04   1.5251989e-01   6.6312997e-04   5.3050398e-02   9.9469496e-02   6.6312997e-04   6.6312997e-04   6.6312997e-04   6.6312997e-04   2.6525199e-02   6.6312997e-04   6.6312997e-04   6.6312997e-04   6.6312997e-04   6.6312997e-04   1.3262599e-02
   0.0000000e+00   3.3890099e-02   2.4207214e-04   9.1987412e-02   2.4207214e-02   1.1619463e-01   2.1786492e-02   2.4207214e-04   2.4207214e-04   2.9048656e-02   2.4207214e-03   2.4207214e-04   2.4207214e-03   2.4207214e-04   2.9048656e-02   1.1377390e-01   2.4207214e-04   2.4207214e-03   2.4207214e-04   1.4766400e-01   1.6218833e-01   1.2103607e-02   2.4207214e-03   2.4207214e-04   2.4207214e-04   2.4207214e-04   2.4207214e-04   2.0576132e-01
   0.0000000e+00   2.7314941e-04   8.1944824e-03   1.6388965e-02   3.2777930e-02   2.7314941e-04   2.7314941e-03   1.2838022e-01   2.7314941e-04   7.6481836e-02   2.7314941e-03   2.7314941e-04   2.7314941e-04   6.2824365e-02   3.0046435e-01   2.7314941e-04   2.1851953e-02   2.7314941e-04   7.1018847e-02   4.0972412e-02   1.6388965e-02   2.1032505e-01   2.7314941e-03   2.7314941e-04   2.7314941e-04   2.7314941e-04   2.7314941e-04   2.7314941e-03
   0.0000000e+00   1.8920813e-01   7.0077085e-04   7.0077085e-04   7.0077085e-04   2.3826209e-01   7.0077085e-04   7.0077085e-04   7.0077085e-04   7.0077085e-03   7.0077085e-04   7.0077085e-04   1.0511563e-01   7.0077085e-04   7.0077085e-04   1.3314646e-01   7.7084793e-02   7.0077085e-04   1.9621584e-01   7.0077085e-04   1.4015417e-02   7.0077085e-03   7.0077085e-04   7.0077085e-04   7.0077085e-04   7.0077085e-04   7.0077085e-04   2.1023125e-02
   0.0000000e+00   2.5906736e-03   2.5906736e-03   2.5906736e-03   2.5906736e-03   2.5906736e-03   2.5906736e-03   2.5906736e-03   2.5906736e-03   2.5906736e-03   2.5906736e-03   2.5906736e-03   2.5906736e-03   2.5906736e-03   2.5906736e-03   2.5906736e-03   2.5906736e-03   2.5906736e-03   2.5906736e-03   2.5906736e-03   2.5906736e-03   9.3264249e-01   2.5906736e-03   2.5906736e-03   2.5906736e-03   2.5906736e-03   2.5906736e-03   2.5906736e-03
   0.0000000e+00   7.7972710e-02   2.7847396e-04   4.1771094e-02   8.3542189e-03   3.0353662e-01   2.7847396e-03   5.5694793e-03   2.7847396e-04   1.3088276e-01   2.7847396e-04   2.7847396e-04   2.7847396e-04   4.7340574e-02   5.5694793e-03   1.1695906e-01   2.7847396e-04   2.7847396e-04   5.5694793e-03   5.2910053e-02   3.8986355e-02   5.5694793e-03   2.7847396e-03   2.7847396e-04   2.7847396e-04   2.7847396e-04   2.7847396e-04   1.5037594e-01
   0.0000000e+00   3.8283296e-02   2.0149103e-04   6.0447310e-03   2.0149103e-03   6.2462220e-02   2.0149103e-04   2.0149103e-03   2.0149103e-04   2.8208745e-02   2.0149103e-04   2.0149103e-04   2.0149103e-04   2.0149103e-04   2.0149103e-04   6.6492041e-02   4.0298207e-03   2.0149103e-03   2.0149103e-04   2.4178924e-02   9.2685875e-02   2.0149103e-02   2.0149103e-04   2.0149103e-04   2.0149103e-04   2.2164014e-02   2.0149103e-04   6.2663711e-01
   0.0000000e+00   3.6641221e-02   3.0534351e-04   6.1068702e-03   3.0534351e-04   1.8931298e-01   3.0534351e-04   3.0534351e-04   3.0534351e-04   2.1679389e-01   3.0534351e-04   3.0534351e-04   3.0534351e-04   3.0534351e-04   3.0534351e-04   3.9694656e-02   3.0534351e-03   3.0534351e-04   1.4961832e-01   3.6641221e-02   1.8320611e-02   9.1603053e-03   3.0534351e-04   3.0534351e-04   3.0534351e-04   6.1068702e-03   3.0534351e-04   2.8396947e-01
   0.0000000e+00   3.3545790e-03   3.3545790e-03   3.0191211e-02   3.3545790e-04   1.4089232e-01   3.3545790e-04   3.3545790e-04   3.3545790e-04   3.3545790e-02   3.3545790e-04   3.3545790e-04   1.0063737e-02   2.3482053e-02   9.3928212e-02   3.3545790e-03   1.0063737e-02   3.3545790e-04   1.7443811e-01   1.3753774e-01   1.6101979e-01   3.3545790e-04   1.6772895e-02   3.3545790e-04   5.0318685e-02   3.3545790e-04   3.3545790e-04   1.0399195e-01
   0.0000000e+00   7.8534031e-02   2.6178010e-03   2.6178010e-03   2.6178010e-03   6.5445026e-01   2.6178010e-03   2.6178010e-03   2.6178010e-03   7.8534031e-02   2.6178010e-03   2.6178010e-03   2.6178010e-03   2.6178010e-03   2.6178010e-03   7.8534031e-02   2.6178010e-03   2.6178010e-03   2.6178010e-03   2.6178010e-03   2.6178010e-03   5.2356021e-02   2.6178010e-03   2.6178010e-03   2.6178010e-03   2.6178010e-03   2.6178010e-03   2.6178010e-03
   0.0000000e+00   3.7037037e-02   3.7037037e-02   3.7037037e-02   3.7037037e-02   3.7037037e-02   3.7037037e-02   3.7037037e-02   3.7037037e-02   3.7037037e-02   3.7037037e-02   3.7037037e-02   3.7037037e-02   3.7037037e-02   3.7037037e-02   3.7037037e-02   3.7037037e-02   3.7037037e-02   3.7037037e-02   3.7037037e-02   3.7037037e-02   3.7037037e-02   3.7037037e-02   3.7037037e-02   3.7037037e-02   3.7037037e-02   3.7037037e-02   3.7037037e-02
   0.0000000e+00   3.9840637e-03   3.9840637e-03   3.9840637e-03   3.9840637e-03   1.5936255e-01   3.9840637e-03   3.9840637e-03   3.9840637e-03   7.9681275e-02   3.9840637e-03   3.9840637e-03   3.9840637e-03   3.9840637e-03   3.9840637e-03   3.9840637e-03   3.9840637e-02   3.9840637e-02   3.9840637e-03   3.9840637e-03   3.9840637e-02   3.9840637e-03   3.9840637e-03   3.9840637e-03   3.9840637e-03   3.9840637e-03   3.9840637e-03   5.5776892e-01
   0.0000000e+00   6.4516129e-03   6.4516129e-03   6.4516129e-03   6.4516129e-03   6.4516129e-03   6.4516129e-03   6.4516129e-03   6.4516129e-03   6.4516129e-03   6.4516129e-03   6.4516129e-03   6.4516129e-03   6.4516129e-03   6.4516129e-03   6.4516129e-03   1.2903226e-01   6.4516129e-03   6.4516129e-03   7.0967742e-01   6.4516129e-03   6.4516129e-03   6.4516129e-03   6.4516129e-03   6.4516129e-03   6.4516129e-03   6.4516129e-03   6.4516129e-03
   0.0000000e+00   2.2222222e-02   2.2222222e-02   2.2222222e-02   2.2222222e-02   2.2222222e-02   2.2222222e-02   2.2222222e-02   2.2222222e-02   2.2222222e-02   2.2222222e-02   2.2222222e-02   2.2222222e-02   2.2222222e-02   2.2222222e-02   2.2222222e-01   2.2222222e-02   2.2222222e-02   2.2222222e-02   2.2222222e-02   2.2222222e-02   2.2222222e-02   2.2222222e-02   2.2222222e-02   2.2222222e-02   2.2222222e-02   2.2222222e-02   2.2222222e-01
   0.0000000e+00   0.0000000e+00   0.0000000e+00   0.0000000e+00   0.0000000e+00   0.0000000e+00   0.0000000e+00   0.0000000e+00   0.0000000e+00   0.0000000e+00   0.0000000e+00   0.0000000e+00   0.0000000e+00   0.0000000e+00   0.0000000e+00   0.0000000e+00   0.0000000e+00   0.0000000e+00   0.0000000e+00   0.0000000e+00   0.0000000e+00   0.0000000e+00   0.0000000e+00   0.0000000e+00   0.0000000e+00   0.0000000e+00   0.0000000e+00   1.0000000e+00
